# Created by Octave 3.2.4, Mon Jun 18 08:23:50 2012 BRT <renan@renan-mintnet>
# name: A
# type: matrix
# rows: 3
# columns: 6
 1 2 2 1 0 0
 2 1 2 0 1 0
 2 2 1 0 0 1
# name: ans
# type: scalar
3
# name: b
# type: matrix
# rows: 3
# columns: 1
 10
 10
 10
# name: c
# type: matrix
# rows: 6
# columns: 1
 10
 10
 10
 0
 0
 0
# name: m
# type: scalar
3
# name: n
# type: scalar
6
